WEDDEL;EMELINA;83.70;6000;51.0;97.0;57.0;55.0;
ROAN;AVIS;78.11;6001;55.0;82.0;92.0;66.0;56.0;
SCHRAUB;SANDIE;31.59;6002;68.0;88.0;78.0;75.0;
PURATY;IGNACIA;107.72;6003;74.0;59.0;99.0;89.0;57.0;
PHILLIANS;ALLA;62.61;6004;89.0;97.0;81.0;69.0;
NICOULIN;EDWARD;11.12;6005;84.0;75.0;67.0;
CERVENAK;JANELLE;43.39;6006;79.0;68.0;66.0;
SMIALOWSKI;LIZZETTE;37.92;6007;71.0;86.0;56.0;
BERKOWITZ;ARMANDO;164.18;6008;59.0;86.0;69.0;74.0;82.0;
DEPERRO;COLLEEN;29.93;6009;61.0;84.0;89.0;
GETZSCHMAN;MARGARITE;16.32;6010;53.0;51.0;88.0;
CHADD;ANITA;18.60;6011;67.0;83.0;85.0;
CUTCHEMBER;ROBBIE;96.96;6012;76.0;75.0;57.0;97.0;75.0;
GIACCIO;MILO;97.00;6013;76.0;70.0;69.0;89.0;84.0;
WINTER;KELLEY;10.48;6014;82.0;85.0;58.0;
GINDER;TAMIKA;85.88;6015;95.0;76.0;92.0;86.0;
SOMSANA;AURELIA;82.99;6016;69.0;88.0;71.0;50.0;
UPHOLD;SEPTEMBER;88.25;6017;79.0;87.0;55.0;87.0;
SHARRAI;CRISTI;41.22;6018;89.0;81.0;98.0;93.0;
BOUCHARD;SHANIQUA;187.79;6019;63.0;84.0;83.0;66.0;92.0;
ZMIJEWSKI;JIN;30.15;6020;58.0;77.0;64.0;
GLORE;MARIBEL;47.32;6021;67.0;99.0;71.0;78.0;
MILAZZO;TAMARA;30.86;6022;96.0;89.0;95.0;
FOUCAULT;TERRA;18.14;6023;82.0;65.0;75.0;
EMERTON;LIZZIE;10.35;6024;91.0;86.0;61.0;
BERKMAN;ASUNCION;124.26;6025;58.0;65.0;64.0;70.0;77.0;
OFLYNN;KENISHA;75.85;6026;52.0;67.0;79.0;77.0;
WEANT;JEANIE;171.49;6027;89.0;67.0;54.0;84.0;89.0;
ITH;KIRK;30.17;6028;93.0;99.0;99.0;99.0;
BACKMON;LYNNE;36.28;6029;55.0;58.0;82.0;
LOWREY;SOLOMON;24.46;6030;71.0;88.0;89.0;
SPRAIN;TIESHA;106.35;6031;59.0;68.0;79.0;60.0;82.0;
GURTNER;DEANDREA;166.27;6032;60.0;99.0;83.0;97.0;59.0;
LENART;CHUNG;40.63;6033;52.0;75.0;53.0;
BERMEL;MARCELLE;32.67;6034;85.0;66.0;90.0;
HUSSONG;RANDEE;64.90;6035;81.0;77.0;84.0;55.0;
PROVINCE;ROSANA;112.45;6036;94.0;94.0;66.0;64.0;83.0;
ATHA;HOLLIS;26.08;6037;88.0;90.0;57.0;
CONCHAS;MARLANA;59.13;6038;58.0;68.0;56.0;64.0;50.0;
GUMB;SUSY;36.84;6039;64.0;55.0;55.0;
PETITTO;NEIL;24.60;6040;60.0;100.0;90.0;
HAVIER;CAMI;63.01;6041;68.0;97.0;84.0;80.0;
TUNICK;JENEE;76.71;6042;94.0;63.0;86.0;60.0;
WARNS;TAMIKA;21.10;6043;61.0;93.0;87.0;77.0;
HEYMAN;MAC;24.08;6044;72.0;78.0;65.0;
SIRIANNI;ALLA;17.39;6045;71.0;72.0;54.0;
CROSHAW;BETHANN;159.35;6046;80.0;96.0;98.0;77.0;57.0;
WARP;THANH;50.55;6047;52.0;75.0;86.0;65.0;
FONNER;CHARITA;127.17;6048;86.0;75.0;70.0;69.0;70.0;
CRESS;SANDRA;48.70;6049;99.0;56.0;50.0;
COLONNA;JUTTA;79.53;6050;65.0;68.0;53.0;71.0;
HERBEIN;STANTON;128.40;6051;72.0;75.0;51.0;85.0;87.0;
LANKSTER;NOELLE;19.61;6052;55.0;90.0;78.0;
BUTTERY;BEAULAH;64.12;6053;89.0;68.0;73.0;86.0;
MINSHEW;ELTON;75.92;6054;64.0;68.0;70.0;80.0;89.0;
KLINK;EARTHA;85.03;6055;64.0;65.0;83.0;83.0;
VOREL;KARINE;24.82;6056;66.0;54.0;81.0;68.0;
LEMCKE;ISMAEL;45.28;6057;97.0;91.0;72.0;54.0;
STEA;NORBERTO;121.22;6058;67.0;55.0;63.0;100.0;84.0;
HORIGAN;SHERYLL;86.82;6059;65.0;62.0;62.0;92.0;
KRETSCHMAN;AYANA;163.69;6060;73.0;77.0;84.0;58.0;88.0;
PUGEDA;JOSEPHINE;181.54;6061;95.0;72.0;66.0;73.0;94.0;
TIBBALS;LARISA;46.26;6062;72.0;80.0;85.0;
JEPPESEN;TERRENCE;63.01;6063;72.0;75.0;81.0;94.0;
HARRIGTON;NORAH;54.84;6064;66.0;65.0;81.0;89.0;
SCHLIPP;GERI;43.64;6065;100.0;51.0;76.0;76.0;
CHIRAS;VENNIE;98.66;6066;77.0;71.0;86.0;83.0;
BRAHLER;JAE;114.23;6067;66.0;58.0;54.0;69.0;65.0;
ROESSNER;TORY;70.69;6068;64.0;87.0;91.0;64.0;68.0;
KOSO;DEIRDRE;37.88;6069;99.0;88.0;87.0;
BOORAS;LORIS;53.40;6070;96.0;64.0;78.0;62.0;79.0;
FLOCKERZI;TERRANCE;30.65;6071;54.0;78.0;59.0;
BALDIVIA;KATHLENE;25.99;6072;89.0;56.0;74.0;
TERVORT;JESSE;184.38;6073;59.0;69.0;98.0;99.0;69.0;
TOEPEL;MARIO;87.28;6074;53.0;88.0;72.0;68.0;
ZOLINSKI;GARRY;52.33;6075;60.0;88.0;76.0;58.0;
MINON;ROSALBA;134.47;6076;77.0;86.0;61.0;80.0;98.0;
COWELS;ALMA;54.92;6077;53.0;55.0;100.0;71.0;
DUBER;SOILA;34.37;6078;58.0;75.0;55.0;81.0;86.0;
SACRAMENTO;AUNDREA;44.59;6079;83.0;77.0;50.0;59.0;
SCHUEPFER;SONJA;76.22;6080;76.0;94.0;59.0;78.0;
MORREN;GUSTAVO;46.95;6081;85.0;76.0;85.0;
VALDEZ;NIDIA;118.28;6082;55.0;72.0;99.0;76.0;65.0;
NONAKA;RENATO;91.36;6083;68.0;90.0;100.0;98.0;
SHELMON;ADAH;33.76;6084;74.0;67.0;74.0;69.0;
STAUP;LARISSA;79.98;6085;54.0;92.0;96.0;95.0;
HOLMSTEAD;JEANNETTA;54.96;6086;81.0;50.0;56.0;62.0;
DILLAHUNTY;SOILA;51.86;6087;95.0;93.0;82.0;55.0;
WHIPPO;SABRINA;172.90;6088;86.0;99.0;73.0;54.0;98.0;
QUIRINO;DWIGHT;27.36;6089;100.0;83.0;75.0;
TIPPINS;TERESIA;88.14;6090;87.0;94.0;67.0;73.0;
SCHILDGEN;WALKER;24.55;6091;63.0;84.0;95.0;
CANAS;ANGELITA;20.92;6092;96.0;90.0;85.0;
PAGLIARINI;JACKLYN;141.34;6093;71.0;54.0;59.0;91.0;74.0;
TOOKES;HANNAH;79.34;6094;77.0;83.0;84.0;64.0;83.0;
LAWHORN;BOB;38.18;6095;53.0;85.0;89.0;
BIELAT;CLEVELAND;18.35;6096;77.0;65.0;64.0;
THAXTON;CHRISTINA;87.19;6097;74.0;77.0;63.0;96.0;
DEAHL;TRENTON;108.38;6098;93.0;53.0;93.0;90.0;59.0;
HONSBERGER;LINWOOD;62.01;6099;78.0;88.0;81.0;95.0;69.0;
KIRCHGESLER;OUIDA;118.56;6100;64.0;77.0;99.0;89.0;96.0;
MICHALOWSKI;ARIEL;31.12;6101;70.0;58.0;84.0;
RAGASA;LILA;84.89;6102;64.0;74.0;94.0;95.0;73.0;
GANSEN;ETHAN;66.06;6103;59.0;59.0;77.0;96.0;82.0;
CSUHTA;CHANTELL;149.60;6104;89.0;62.0;87.0;72.0;60.0;
RODRIQUE;DINORAH;39.51;6105;98.0;89.0;53.0;
GLUTH;ELINA;72.93;6106;68.0;87.0;86.0;70.0;
BONSIGNORE;ABRAHAM;31.36;6107;90.0;74.0;58.0;94.0;
KIRKBRIDE;KENT;21.26;6108;75.0;89.0;82.0;
REILY;KATLYN;54.44;6109;82.0;56.0;84.0;86.0;
CORLISS;JOSEPH;30.88;6110;85.0;77.0;93.0;
CREITZ;REGGIE;57.42;6111;99.0;66.0;56.0;81.0;
DUGAY;STEVEN;29.32;6112;57.0;55.0;69.0;
MONATH;RIKKI;88.82;6113;88.0;61.0;99.0;88.0;
LIVINTON;SHARICE;20.31;6114;75.0;86.0;74.0;
WILSEY;NENA;121.85;6115;69.0;50.0;93.0;55.0;71.0;
PEDROSO;ALAN;19.32;6116;89.0;56.0;100.0;
GRUNST;DREMA;22.09;6117;78.0;80.0;65.0;
LAUFENBERG;REDA;28.40;6118;65.0;68.0;57.0;
BLAKER;RICHELLE;186.44;6119;76.0;78.0;65.0;64.0;88.0;
HOLDERBY;BRITANY;99.42;6120;51.0;78.0;54.0;64.0;
UTTECH;MELVIN;199.78;6121;61.0;71.0;66.0;55.0;82.0;
HABERSTROH;JEWELL;133.67;6122;70.0;51.0;69.0;61.0;90.0;
KIRSCHNER;HERMILA;29.90;6123;66.0;96.0;92.0;92.0;
VESPER;SINDY;88.60;6124;56.0;93.0;92.0;63.0;
UNANGST;JEANETTA;122.75;6125;91.0;71.0;76.0;60.0;54.0;
FELTON;LANITA;168.55;6126;73.0;96.0;100.0;81.0;96.0;
TOWELL;CAMI;35.46;6127;79.0;97.0;57.0;96.0;
CASEMENT;PORSCHE;44.28;6128;97.0;98.0;97.0;51.0;
LATINO;KATHRIN;152.43;6129;73.0;76.0;84.0;94.0;90.0;
GRANATA;NETA;97.50;6130;81.0;91.0;63.0;95.0;
YU;SAUNDRA;180.85;6131;75.0;85.0;89.0;68.0;54.0;
MERICAL;PAT;74.46;6132;71.0;50.0;64.0;95.0;
SKOW;PRUDENCE;83.11;6133;91.0;74.0;79.0;79.0;
PIGRAM;MERI;30.19;6134;54.0;84.0;98.0;
PASCUZZI;GWYNETH;166.73;6135;85.0;93.0;76.0;92.0;66.0;
OSWALD;ELWANDA;52.14;6136;62.0;89.0;66.0;75.0;
STEEDLEY;BASILIA;125.89;6137;51.0;86.0;53.0;99.0;78.0;
PRZYGOCKI;BLANCH;83.64;6138;77.0;80.0;97.0;70.0;
SILVESTRINI;MARIANNE;152.30;6139;58.0;83.0;58.0;97.0;64.0;
WANEKA;CORY;26.46;6140;78.0;53.0;97.0;95.0;
ROMANE;ARNETTE;87.03;6141;73.0;97.0;90.0;71.0;
GALBAVY;BRITT;68.83;6142;78.0;79.0;69.0;86.0;
HAISTEN;VERENA;11.75;6143;76.0;81.0;83.0;
LEVEY;BECKY;18.55;6144;99.0;67.0;83.0;
GRUCA;RHONDA;114.04;6145;62.0;83.0;82.0;52.0;96.0;
DEMEESTER;FABIOLA;50.73;6146;73.0;66.0;89.0;100.0;
LOPARDO;TEMPIE;23.51;6147;95.0;80.0;85.0;
WEAVIL;EMERITA;16.29;6148;88.0;91.0;89.0;
PROENZA;CAREY;12.39;6149;79.0;72.0;100.0;
JARNUTOWSKI;RAFAEL;42.56;6150;54.0;57.0;73.0;
MERRITT;CHIN;31.08;6151;64.0;51.0;94.0;85.0;
FEILBACH;KARI;163.19;6152;92.0;72.0;92.0;88.0;96.0;
BARACANI;JACK;54.52;6153;90.0;72.0;66.0;87.0;
SHUM;LEONIDA;44.59;6154;52.0;70.0;50.0;66.0;
CHERUBINI;INGER;73.30;6155;67.0;50.0;92.0;59.0;
FACKRELL;MARTY;15.55;6156;90.0;82.0;95.0;
FAULKENBERRY;DAMARIS;189.29;6157;78.0;78.0;59.0;82.0;51.0;
SOLLITTO;LULA;40.05;6158;75.0;95.0;95.0;100.0;
SIELAFF;NEDRA;61.81;6159;67.0;58.0;99.0;77.0;
CALVERT;EDEN;18.80;6160;98.0;68.0;94.0;
DELROSS;JULISSA;53.37;6161;70.0;50.0;83.0;79.0;
VERMETTE;SHERYL;20.48;6162;68.0;59.0;93.0;58.0;
THANIEL;EARLENE;188.58;6163;91.0;62.0;78.0;65.0;77.0;
RIDELL;NATALIE;87.39;6164;97.0;71.0;53.0;75.0;
LEDENBACH;TAMISHA;72.58;6165;62.0;66.0;87.0;81.0;
ARO;CHONG;98.68;6166;83.0;77.0;66.0;80.0;
HARROW;KATELIN;33.64;6167;94.0;60.0;52.0;
PURKETT;MARGOT;13.95;6168;92.0;94.0;83.0;
KROUGH;MYUNG;109.10;6169;96.0;79.0;99.0;98.0;58.0;
SCHOENBORN;ERNESTINA;17.04;6170;90.0;71.0;77.0;
DEWICK;TONJA;51.03;6171;97.0;82.0;87.0;52.0;
MUREL;LONA;92.05;6172;54.0;59.0;94.0;99.0;
KYER;ELLEN;84.92;6173;76.0;66.0;88.0;74.0;
BANACH;LAURALEE;30.28;6174;77.0;82.0;86.0;
GEMBLER;MALIK;69.68;6175;82.0;86.0;93.0;72.0;71.0;
SANTIN;RONNIE;118.64;6176;62.0;84.0;65.0;86.0;80.0;
LEAGJELD;SHIRLEY;46.75;6177;78.0;66.0;50.0;87.0;
VEGA;WILLIAM;30.16;6178;57.0;60.0;65.0;
OLESEN;ZENIA;38.57;6179;99.0;74.0;62.0;57.0;88.0;
DARVISH;EVIA;67.79;6180;52.0;87.0;96.0;97.0;
BOYL;AMIRA;27.13;6181;68.0;61.0;87.0;
JOSEPHSEN;SHANTA;36.92;6182;59.0;77.0;83.0;
KENSON;JANET;16.12;6183;54.0;100.0;73.0;
MALAGARIE;MARCI;38.20;6184;58.0;81.0;84.0;95.0;
LOSINGER;LAURIE;26.02;6185;84.0;60.0;53.0;
HANDWERKER;MARIVEL;127.68;6186;56.0;82.0;54.0;64.0;77.0;
SMITS;EUGENIE;162.14;6187;82.0;55.0;87.0;51.0;81.0;
EDE;QUINCY;87.08;6188;91.0;80.0;66.0;68.0;
KRONEMEYER;EVELINA;99.54;6189;59.0;74.0;60.0;93.0;
BULA;HOLLY;151.21;6190;96.0;69.0;93.0;70.0;90.0;
KLEGIN;DOT;48.90;6191;71.0;100.0;79.0;
WALTRIP;ARTHUR;46.72;6192;52.0;99.0;80.0;95.0;78.0;
RHODE;YETTA;144.08;6193;91.0;97.0;93.0;66.0;71.0;
LATORRE;VAL;45.91;6194;68.0;100.0;95.0;
FERTAL;SAMIRA;14.97;6195;95.0;50.0;71.0;
VALLIAN;CARLYN;127.70;6196;100.0;79.0;93.0;80.0;51.0;
LEVITRE;ALYCIA;68.15;6197;77.0;59.0;100.0;90.0;
SWAGGERT;MEGHANN;111.11;6198;73.0;95.0;77.0;84.0;75.0;
VEDIA;DONNELL;47.44;6199;58.0;57.0;52.0;
HARAJLI;EMOGENE;36.58;6200;70.0;78.0;80.0;
CIENEGA;SHIZUE;52.38;6201;62.0;69.0;66.0;71.0;
BUZZO;RICHIE;102.09;6202;59.0;96.0;94.0;82.0;93.0;
CLAREY;JOY;72.97;6203;82.0;92.0;91.0;50.0;
DILALLO;DELORIS;31.17;6204;85.0;81.0;88.0;
MASULLO;LATOYIA;92.40;6205;92.0;59.0;66.0;79.0;
VOYLES;DARYL;47.40;6206;88.0;54.0;74.0;93.0;
MIDDLEBROOK;GRANT;14.65;6207;56.0;51.0;81.0;
MARCINKO;GLENNIS;54.63;6208;53.0;75.0;83.0;56.0;
PICKLE;JAMES;80.88;6209;54.0;72.0;72.0;92.0;
GINDER;HANK;44.61;6210;84.0;54.0;100.0;
AHLSTROM;ETHELENE;184.34;6211;64.0;98.0;67.0;56.0;68.0;
WASKOW;NELLY;117.72;6212;82.0;91.0;92.0;94.0;64.0;
HOHENBRINK;GOLDA;73.44;6213;60.0;85.0;71.0;75.0;
FRIEDBERG;NICHOLE;17.34;6214;68.0;88.0;66.0;
PINICK;EUGENA;13.38;6215;82.0;56.0;95.0;
DASEN;LENA;59.80;6216;60.0;61.0;93.0;50.0;
DIAS;TRISTAN;30.07;6217;64.0;64.0;92.0;82.0;66.0;
SPRAYBERRY;ISSAC;88.69;6218;86.0;70.0;69.0;85.0;
TSUKIYAMA;NATALYA;143.22;6219;73.0;73.0;62.0;68.0;61.0;
VENO;TEDDY;39.19;6220;96.0;81.0;85.0;
MOAN;SHIELA;28.95;6221;55.0;94.0;80.0;54.0;
MATUTE;YOULANDA;85.74;6222;88.0;97.0;82.0;65.0;
CALLEN;PA;69.11;6223;100.0;96.0;97.0;52.0;87.0;
VERRASTRO;CLARITA;23.80;6224;61.0;76.0;71.0;
ROSING;TERI;43.75;6225;69.0;77.0;76.0;
MOLANDS;STEVEN;48.22;6226;73.0;93.0;81.0;63.0;
RACZAK;MURIEL;34.86;6227;87.0;92.0;60.0;75.0;
MAURAIS;JOHN;34.90;6228;78.0;71.0;67.0;
SAULINO;DELORES;43.72;6229;76.0;70.0;79.0;
DEVOY;SANDA;77.12;6230;86.0;56.0;78.0;98.0;55.0;
ELWOOD;SALLEY;78.78;6231;97.0;68.0;94.0;58.0;
VOWELL;MIGNON;35.91;6232;99.0;78.0;87.0;60.0;99.0;
MIS;ALAINA;16.27;6233;63.0;69.0;68.0;
GUNTO;KYUNG;28.28;6234;82.0;62.0;54.0;
TYGER;SABRA;86.59;6235;87.0;92.0;96.0;65.0;
ALUQDAH;HYUN;140.16;6236;62.0;56.0;77.0;77.0;66.0;
HELFENSTEIN;SIMONE;44.37;6237;76.0;72.0;79.0;
SHWAB;YASUKO;55.55;6238;57.0;82.0;90.0;68.0;56.0;
MUSCARA;CHARMAIN;34.96;6239;58.0;69.0;95.0;55.0;80.0;
CALARCO;PETRONILA;112.27;6240;79.0;91.0;95.0;72.0;50.0;
MADDOCKS;LEAN;67.64;6241;51.0;50.0;97.0;82.0;
DREHER;MARCUS;94.65;6242;67.0;59.0;81.0;68.0;61.0;
KUBAN;BRADFORD;182.24;6243;56.0;75.0;74.0;91.0;63.0;
LOHNES;LESLEE;185.98;6244;78.0;86.0;53.0;55.0;50.0;
HAZELIP;SIXTA;77.86;6245;70.0;57.0;85.0;79.0;
EBSEN;TYLER;15.64;6246;53.0;50.0;58.0;
KERTIS;MADLYN;35.16;6247;74.0;93.0;100.0;82.0;
SACKRIDER;BARBAR;36.67;6248;70.0;98.0;89.0;
GALIPO;RHEA;35.58;6249;100.0;51.0;56.0;
BEILEY;MOSES;40.03;6250;95.0;66.0;63.0;91.0;
LANGMAN;JANAE;94.56;6251;83.0;100.0;51.0;73.0;
DIEKRAGER;LESLEY;195.60;6252;61.0;65.0;67.0;96.0;52.0;
DUHL;TWILA;71.92;6253;75.0;60.0;90.0;66.0;
VIOLET;FREDDA;83.11;6254;66.0;79.0;61.0;99.0;
DECARLO;KIZZY;32.21;6255;65.0;64.0;94.0;
SENTER;DION;41.08;6256;90.0;58.0;53.0;
PANELLA;AMEE;44.48;6257;63.0;88.0;92.0;
LEBON;BABETTE;15.12;6258;85.0;68.0;99.0;
MANTANONA;CHRISTOPER;22.80;6259;69.0;63.0;97.0;60.0;
HAMACHER;CALISTA;38.00;6260;79.0;53.0;79.0;
TAMBORLANE;KYOKO;88.66;6261;67.0;75.0;78.0;51.0;
METELLUS;RANDAL;33.47;6262;69.0;66.0;89.0;
JOFFRION;IONE;89.45;6263;68.0;79.0;50.0;66.0;
JURGENS;NYDIA;198.56;6264;57.0;86.0;68.0;71.0;65.0;
LOUNDER;LAKITA;44.42;6265;53.0;61.0;87.0;
DEPAULA;ANNABELLE;73.94;6266;52.0;85.0;63.0;60.0;
SALESKY;RUDY;21.55;6267;70.0;57.0;56.0;
PICCUILLO;SHARRI;133.34;6268;64.0;51.0;61.0;63.0;77.0;
BARSHAW;VERN;55.82;6269;70.0;96.0;75.0;79.0;
DILELLO;SORAYA;38.90;6270;83.0;78.0;71.0;
SHIPMAN;ROSEMARIE;31.77;6271;71.0;70.0;51.0;50.0;
AMUNRUD;TASHIA;81.10;6272;68.0;75.0;96.0;76.0;
BUCKENDORF;NATHANAEL;29.70;6273;76.0;94.0;66.0;
FRIEDLANDER;SEBRINA;30.54;6274;89.0;51.0;56.0;56.0;
SHORTHAIR;ENEDINA;18.24;6275;67.0;81.0;81.0;
MORALIS;JERRY;21.46;6276;89.0;95.0;55.0;
FILICETTI;MARLEEN;26.49;6277;96.0;72.0;72.0;
DENLEY;EARLEEN;32.24;6278;56.0;89.0;91.0;
BILLARD;HENRIETTA;149.78;6279;58.0;65.0;61.0;82.0;84.0;
TRIZARRY;ELDEN;161.11;6280;88.0;65.0;63.0;95.0;53.0;
GALANTI;GAIL;15.31;6281;81.0;67.0;68.0;
FYKES;HORTENSE;35.12;6282;64.0;75.0;74.0;
HILPERT;FREDERICKA;73.89;6283;80.0;61.0;55.0;61.0;
TEANO;LAUREL;46.39;6284;77.0;71.0;67.0;79.0;
RAHMAN;MERCY;111.34;6285;52.0;54.0;55.0;82.0;50.0;
DECHAVEZ;LE;29.30;6286;70.0;65.0;70.0;
REARDON;LILIAN;83.52;6287;93.0;58.0;74.0;87.0;
FLECKENSTEIN;VELMA;167.82;6288;54.0;83.0;83.0;74.0;80.0;
WIEDERSTEIN;SALINA;195.09;6289;79.0;87.0;71.0;61.0;96.0;
ZICKER;LUCIE;39.31;6290;65.0;58.0;55.0;58.0;89.0;
LEANARD;LEONEL;11.18;6291;53.0;79.0;85.0;
BUKOWSKI;SACHIKO;25.88;6292;57.0;71.0;69.0;
LYALL;LYNNA;10.30;6293;70.0;82.0;68.0;
VOJNA;SAL;123.02;6294;81.0;67.0;60.0;62.0;72.0;
VIRUET;DOYLE;86.89;6295;68.0;53.0;75.0;80.0;98.0;
CALIP;ERIC;23.28;6296;81.0;55.0;100.0;
MCVINNEY;ROSELLE;25.50;6297;98.0;74.0;83.0;
JOSICH;ROSIO;21.27;6298;75.0;99.0;86.0;
SYMMONDS;MATTIE;41.37;6299;86.0;50.0;63.0;
THANASOUK;CHINA;71.24;6300;81.0;52.0;96.0;62.0;75.0;
ODESS;HERMINIA;90.13;6301;51.0;85.0;57.0;59.0;
KOERBER;LAMONICA;21.86;6302;100.0;69.0;56.0;73.0;
HANRATH;JAMA;93.06;6303;97.0;89.0;80.0;81.0;
SJOSTRAND;CHARLOTT;70.47;6304;93.0;67.0;70.0;67.0;
BLANCARTE;LAINE;149.82;6305;97.0;90.0;74.0;88.0;91.0;
WEYAND;EDRIS;84.80;6306;60.0;73.0;75.0;99.0;
MICHALES;HUONG;53.34;6307;90.0;50.0;86.0;55.0;
CHATAMPAYA;JEWELL;27.94;6308;82.0;89.0;76.0;
SWAREY;DAPHNE;30.06;6309;75.0;60.0;71.0;
FRERE;LISABETH;185.10;6310;54.0;93.0;53.0;89.0;51.0;
MARCHBANKS;ISABELLE;44.92;6311;97.0;91.0;66.0;
SCHEERER;DEVORA;95.62;6312;69.0;86.0;76.0;93.0;
GONSER;TIMOTHY;93.60;6313;70.0;96.0;62.0;78.0;
DEVELBISS;TAD;71.94;6314;51.0;67.0;84.0;85.0;67.0;
SIMES;MARVEL;46.53;6315;76.0;75.0;60.0;66.0;
STOBIE;TIESHA;46.32;6316;83.0;57.0;65.0;86.0;
GAMEWELL;ELVIS;173.26;6317;73.0;54.0;99.0;84.0;88.0;
PONZO;ROMANA;97.46;6318;50.0;52.0;87.0;63.0;92.0;
MCILVAINE;SHIZUKO;38.19;6319;55.0;50.0;62.0;89.0;
DZIAK;MIMI;21.12;6320;98.0;76.0;96.0;
OUTCALT;EMILIE;31.33;6321;68.0;51.0;72.0;
ENSOR;DANA;47.34;6322;90.0;58.0;63.0;
MCFALLS;EARL;42.07;6323;100.0;67.0;81.0;97.0;
MACCLAIRTY;BECKY;48.26;6324;67.0;64.0;75.0;67.0;
CANDOZO;LENARD;38.08;6325;57.0;66.0;50.0;
BOTTEX;NANNETTE;57.30;6326;85.0;96.0;88.0;94.0;
WACHS;LONNIE;182.33;6327;91.0;56.0;56.0;55.0;68.0;
LAZAGA;ARON;163.26;6328;70.0;96.0;76.0;76.0;75.0;
UTLEY;TOMAS;52.41;6329;82.0;67.0;52.0;53.0;
GRYBEL;MOON;75.76;6330;52.0;68.0;54.0;76.0;
WIDGER;JAMEY;30.56;6331;97.0;60.0;73.0;
EULER;AARON;154.05;6332;88.0;74.0;85.0;74.0;100.0;
PASTORIN;COLTON;20.22;6333;59.0;75.0;70.0;68.0;
ARANO;ABBEY;41.71;6334;51.0;53.0;96.0;56.0;
SEBASTION;AGNUS;198.89;6335;50.0;67.0;58.0;58.0;100.0;
PEARYER;ELDEN;84.65;6336;89.0;56.0;59.0;60.0;
BIVONA;SCOTTIE;65.15;6337;97.0;77.0;94.0;53.0;63.0;
WACKMAN;AMY;48.59;6338;82.0;100.0;56.0;
PUNDSACK;DARELL;35.08;6339;63.0;84.0;55.0;
MARQUES;AGRIPINA;93.17;6340;62.0;72.0;94.0;77.0;
OCRAN;CRISTEN;48.96;6341;90.0;60.0;54.0;91.0;76.0;
SHAUGER;BRITTNEY;40.54;6342;97.0;92.0;80.0;
DOYER;ELMO;44.36;6343;99.0;85.0;97.0;66.0;
KONKLE;ROCIO;73.50;6344;100.0;74.0;63.0;100.0;
PEEVEY;SHEMIKA;48.98;6345;50.0;84.0;57.0;
SELIM;TASHA;39.85;6346;61.0;75.0;91.0;89.0;
POTTERSON;SAM;78.64;6347;85.0;68.0;76.0;75.0;79.0;
WELD;DELANA;125.52;6348;93.0;65.0;64.0;72.0;89.0;
CREASEY;BLAINE;26.43;6349;68.0;54.0;98.0;95.0;
HOUEY;SPENCER;59.38;6350;73.0;77.0;51.0;52.0;
STOVER;MAEGAN;14.22;6351;56.0;75.0;98.0;
ROMMEL;ALETHIA;13.47;6352;96.0;89.0;74.0;
FUKUMOTO;HELAINE;47.25;6353;84.0;91.0;70.0;90.0;71.0;
ZWIEFELHOFER;DELORES;48.70;6354;64.0;52.0;59.0;
KIMMINAU;SHERY;45.07;6355;87.0;96.0;50.0;
SHELL;CAROLE;23.79;6356;64.0;70.0;51.0;
SADIN;SANTA;34.70;6357;52.0;76.0;56.0;74.0;86.0;
WEMARK;MARGOT;117.16;6358;90.0;50.0;94.0;58.0;80.0;
BUNDI;ARGENTINA;141.68;6359;57.0;96.0;60.0;93.0;92.0;
KARNS;KANDICE;21.52;6360;80.0;54.0;65.0;
TRETTIN;JERLENE;153.86;6361;83.0;72.0;74.0;96.0;81.0;
GHEZA;ERMA;25.45;6362;63.0;82.0;78.0;91.0;
WASSINGER;BARABARA;41.73;6363;87.0;60.0;97.0;70.0;
SCHOOK;FAUSTO;35.80;6364;95.0;95.0;55.0;
MUROS;LES;199.30;6365;90.0;58.0;85.0;87.0;68.0;
WEEBER;MURRAY;79.75;6366;61.0;65.0;57.0;91.0;
TAJUDEEN;OLETA;31.77;6367;50.0;95.0;63.0;
CHAMPEAU;WENONA;35.74;6368;70.0;50.0;57.0;
HALSE;MARIS;124.44;6369;62.0;77.0;60.0;93.0;82.0;
KOOYMAN;RUTHANNE;22.61;6370;70.0;57.0;71.0;
ORZECHOWSKI;JAIME;38.56;6371;51.0;67.0;75.0;77.0;81.0;
KUEHNE;AGRIPINA;198.44;6372;51.0;97.0;56.0;66.0;100.0;
DEXHEIMER;ANTOINETTE;74.00;6373;50.0;94.0;93.0;52.0;
KADAKIA;DANE;84.10;6374;52.0;70.0;70.0;62.0;65.0;
BOSQUES;LATIA;183.34;6375;75.0;66.0;71.0;97.0;64.0;
KNUDTSON;ADOLFO;199.82;6376;99.0;67.0;53.0;60.0;57.0;
MIKHAIL;HOA;99.47;6377;76.0;62.0;69.0;58.0;
WALDENBERG;MARCELLE;72.42;6378;60.0;91.0;54.0;61.0;
NEWENLE;MOIRA;137.70;6379;80.0;67.0;51.0;82.0;89.0;
CAUL;LUCINDA;43.41;6380;84.0;87.0;90.0;68.0;
MCALEXANDER;JOANE;114.87;6381;68.0;78.0;56.0;83.0;86.0;
ALISON;WINNIFRED;38.00;6382;94.0;69.0;97.0;
LASANTA;BERENICE;34.88;6383;89.0;52.0;82.0;
BEAKLEY;WAI;81.51;6384;86.0;50.0;86.0;69.0;
GRADFORD;CANDELARIA;166.41;6385;86.0;61.0;59.0;88.0;97.0;
JANCO;THERESA;36.66;6386;96.0;81.0;99.0;
PRIOLETTI;BRADY;88.85;6387;92.0;67.0;66.0;69.0;52.0;
ANKER;ROWENA;42.11;6388;90.0;53.0;76.0;87.0;
MCCAFFERTY;SHARLENE;115.61;6389;83.0;57.0;71.0;62.0;61.0;
FRASHER;PHYLISS;44.27;6390;73.0;70.0;90.0;
MASSAGLIA;ANDRES;143.24;6391;63.0;60.0;92.0;87.0;63.0;
ETIER;SHELDON;52.11;6392;64.0;73.0;72.0;86.0;99.0;
ALBERY;ALETHIA;118.94;6393;51.0;99.0;71.0;87.0;88.0;
SIFFORD;JERILYN;102.23;6394;56.0;56.0;73.0;68.0;51.0;
THIERMAN;NENITA;61.09;6395;86.0;65.0;87.0;96.0;97.0;
BEEN;RICHELLE;180.90;6396;66.0;100.0;61.0;100.0;98.0;
REIDHEAD;KEESHA;36.83;6397;51.0;57.0;54.0;85.0;
JORDING;CLELIA;143.14;6398;77.0;70.0;97.0;86.0;83.0;
PLOURD;LEONOR;46.06;6399;77.0;56.0;70.0;
GERTH;MARGIE;45.74;6400;60.0;56.0;67.0;
SACHEZ;MARGERT;47.42;6401;88.0;64.0;64.0;85.0;
MALLORY;CARLTON;110.47;6402;94.0;59.0;55.0;75.0;51.0;
CHILSOM;KATHARINE;33.71;6403;54.0;89.0;100.0;
TRIDLE;CELINA;65.64;6404;92.0;79.0;58.0;80.0;
COSGRAY;EVELINA;15.83;6405;64.0;54.0;68.0;
BASILE;MARTIN;34.51;6406;94.0;63.0;93.0;
GILLUND;MARGARETT;30.66;6407;70.0;89.0;85.0;73.0;
BIDDLE;BERNARDO;40.24;6408;83.0;82.0;78.0;
CHAMLEE;KARL;11.08;6409;68.0;52.0;75.0;
CRISTE;DESMOND;78.06;6410;71.0;53.0;60.0;58.0;
SHAWLEY;LESLEE;33.51;6411;87.0;87.0;60.0;89.0;
SAYLES;MEGHANN;60.30;6412;75.0;78.0;91.0;91.0;
CEASER;WILMER;84.63;6413;51.0;84.0;84.0;99.0;
EIRICH;ELSA;35.15;6414;71.0;95.0;75.0;
WALDROOP;GUSTAVO;156.84;6415;90.0;87.0;88.0;67.0;91.0;
RATHER;CONTESSA;45.18;6416;58.0;92.0;62.0;59.0;
GACCIONE;WEI;43.23;6417;85.0;92.0;72.0;
EDGMAN;VERONICA;80.53;6418;82.0;95.0;94.0;86.0;94.0;
VILLENAS;DIMPLE;43.22;6419;75.0;64.0;89.0;54.0;84.0;
PACIUS;RANAE;14.84;6420;86.0;93.0;51.0;
FRENKEL;DANNETTE;38.24;6421;87.0;53.0;95.0;
PUERTA;KESHA;19.48;6422;88.0;80.0;78.0;
LICEAGA;JACKELINE;26.38;6423;64.0;56.0;61.0;
TAILLEFER;JUANA;90.36;6424;78.0;83.0;72.0;66.0;
ROSBOZOM;DOUG;65.65;6425;66.0;82.0;77.0;99.0;
NORTHRUP;HERMINIA;36.70;6426;62.0;87.0;75.0;95.0;100.0;
JAENKE;RAYMUNDO;120.60;6427;94.0;51.0;97.0;61.0;52.0;
DENLEY;ERLENE;173.30;6428;85.0;76.0;74.0;71.0;60.0;
LASTRAPE;SUK;48.88;6429;67.0;62.0;100.0;67.0;
RENGERS;REED;50.46;6430;68.0;66.0;52.0;92.0;
RIELLY;MITCH;81.54;6431;68.0;85.0;100.0;55.0;
PATTY;JOSEFINA;107.65;6432;75.0;52.0;77.0;78.0;98.0;
JONKE;GAYNELLE;106.70;6433;96.0;67.0;97.0;51.0;96.0;
RATLIFF;ALLIE;80.95;6434;55.0;59.0;100.0;61.0;
SHONTS;EDDY;68.88;6435;86.0;55.0;52.0;98.0;
MACIOLEK;AUBREY;46.20;6436;95.0;70.0;84.0;96.0;
TOSIC;LEONARD;16.81;6437;96.0;78.0;100.0;
DAHMAN;ARIANNE;64.27;6438;92.0;59.0;65.0;58.0;
DENIS;ABRAM;26.89;6439;83.0;92.0;55.0;96.0;
COVIN;MABELLE;66.39;6440;86.0;79.0;57.0;53.0;
WITTIE;DUNCAN;43.52;6441;81.0;58.0;82.0;
LEGARD;CAITLYN;66.61;6442;57.0;51.0;98.0;72.0;84.0;
EZELLE;TIERA;196.98;6443;89.0;76.0;84.0;53.0;73.0;
HULTON;KYLIE;88.50;6444;90.0;77.0;82.0;62.0;83.0;
WEAKLY;BRITTNEY;21.70;6445;52.0;67.0;57.0;100.0;
GAINOUS;THOMASINE;32.45;6446;71.0;99.0;72.0;53.0;
UTZ;ANTIONETTE;21.74;6447;86.0;79.0;70.0;
LEDEBUHR;TASHIA;34.67;6448;87.0;93.0;50.0;
CARAWAY;DONITA;88.03;6449;76.0;98.0;52.0;54.0;
GRIFFIS;GWEN;67.54;6450;83.0;90.0;76.0;63.0;
MILLEY;KEN;47.74;6451;53.0;86.0;53.0;
ROSENFELD;EMILEE;31.97;6452;64.0;76.0;56.0;85.0;
PARNELL;FELICE;156.94;6453;85.0;61.0;55.0;71.0;58.0;
FRANKINA;CRISELDA;12.08;6454;57.0;70.0;72.0;
SULC;ROSANA;106.68;6455;67.0;81.0;92.0;54.0;78.0;
IBURG;LANITA;31.54;6456;90.0;55.0;58.0;
DURIO;LASONYA;167.22;6457;76.0;60.0;63.0;76.0;72.0;
LUDGOOD;PEG;30.23;6458;52.0;72.0;84.0;
SCIRE;MARLEEN;35.07;6459;73.0;93.0;63.0;100.0;
SALUAN;JAY;193.84;6460;89.0;61.0;51.0;87.0;97.0;
HATORI;YUN;174.56;6461;76.0;79.0;97.0;88.0;65.0;
OJEDA;CICELY;136.71;6462;69.0;88.0;91.0;81.0;100.0;
ZELLERS;NAKESHA;12.27;6463;57.0;97.0;51.0;
MAIXNER;ARTURO;25.28;6464;84.0;87.0;97.0;95.0;
NOVICK;SANDEE;42.90;6465;53.0;55.0;93.0;
SHAWLER;BENTON;54.40;6466;82.0;85.0;52.0;70.0;
FEINBERG;HIROKO;49.78;6467;73.0;99.0;98.0;77.0;
MCBETH;MAX;95.56;6468;77.0;70.0;66.0;60.0;74.0;
WHEADON;JULIO;53.85;6469;81.0;62.0;86.0;58.0;
HANIGAN;CARMINE;49.64;6470;89.0;54.0;57.0;92.0;
RIMAR;ROBBI;48.30;6471;78.0;68.0;79.0;
FLAUDING;CARMELLA;32.87;6472;95.0;92.0;60.0;73.0;
REDELL;PATIENCE;190.71;6473;61.0;70.0;59.0;61.0;87.0;
CHACKO;LEO;95.52;6474;98.0;62.0;57.0;51.0;
HELLING;TRACY;58.74;6475;70.0;63.0;70.0;72.0;
POTEETE;JANA;26.31;6476;93.0;58.0;73.0;62.0;
SPRANG;TENNILLE;85.42;6477;73.0;99.0;54.0;96.0;
HALVORSON;SHANTI;69.75;6478;73.0;96.0;52.0;51.0;
FONG;LURLINE;72.00;6479;95.0;70.0;51.0;78.0;85.0;
KOLAR;LESTER;40.01;6480;79.0;90.0;73.0;
BELLARD;CICELY;45.74;6481;51.0;70.0;81.0;73.0;66.0;
EAGLESON;AMANDA;51.94;6482;76.0;51.0;69.0;92.0;
KWATERSKI;LESHA;188.88;6483;66.0;66.0;99.0;85.0;94.0;
PREPOTENTE;CONSUELO;69.59;6484;87.0;96.0;87.0;95.0;
TISCHLER;TATYANA;28.27;6485;89.0;58.0;66.0;
ADAIR;EMOGENE;151.62;6486;64.0;77.0;73.0;100.0;91.0;
MIGUES;ALAYNA;76.40;6487;71.0;76.0;94.0;73.0;66.0;
BURROWS;KELLEY;23.04;6488;56.0;72.0;60.0;
MAESTRI;GERALD;58.60;6489;51.0;69.0;77.0;70.0;66.0;
MALECKI;GEORGIANNA;68.53;6490;67.0;57.0;82.0;65.0;
LOHRMANN;JOE;34.58;6491;59.0;83.0;77.0;69.0;
RASPOTNIK;ROSENDO;59.19;6492;70.0;53.0;69.0;62.0;53.0;
PASKOFF;DANUTA;179.23;6493;94.0;55.0;63.0;58.0;83.0;
MURAKAWA;HOLLIE;147.97;6494;75.0;83.0;92.0;64.0;64.0;
MOONEYHAM;KIM;157.42;6495;64.0;64.0;87.0;71.0;64.0;
SCHUENEMANN;STELLA;69.73;6496;56.0;99.0;88.0;57.0;
NAGEL;ASHA;77.53;6497;53.0;89.0;76.0;68.0;50.0;
WOBBLETON;HANS;172.29;6498;51.0;98.0;88.0;86.0;60.0;
NOLLETTE;ISAURA;73.64;6499;99.0;86.0;52.0;82.0;
GREATHOUSE;MARISOL;17.73;6500;57.0;79.0;95.0;
BUBAK;DION;70.18;6501;70.0;87.0;57.0;89.0;
LEFELD;SHARRI;56.41;6502;81.0;84.0;78.0;67.0;
LOWE;DENNIS;175.85;6503;100.0;62.0;70.0;82.0;75.0;
STEIMLE;CLAIR;22.97;6504;80.0;94.0;77.0;
MACHACEK;ALLENE;35.36;6505;65.0;51.0;94.0;58.0;76.0;
HARLE;DONN;59.28;6506;69.0;80.0;65.0;53.0;
ORSINI;SHALANDA;47.69;6507;77.0;53.0;63.0;
MURTAUGH;LANCE;71.96;6508;98.0;91.0;57.0;73.0;
MCMILLAN;KRISTAN;62.84;6509;66.0;73.0;82.0;69.0;78.0;
CASE;VALDA;11.53;6510;91.0;75.0;50.0;
HOLLINGSHED;CATHERINE;26.25;6511;77.0;52.0;61.0;
TOOKS;MARVA;39.57;6512;51.0;95.0;70.0;91.0;85.0;
STORR;ROWENA;108.76;6513;79.0;99.0;91.0;85.0;96.0;
TURKEL;ANNABEL;37.61;6514;61.0;58.0;73.0;60.0;70.0;
KORNFIELD;ROSA;26.12;6515;63.0;97.0;75.0;
CERULLO;CHARLOTTE;163.31;6516;92.0;89.0;54.0;76.0;62.0;
LETHCO;ADELINE;48.73;6517;83.0;53.0;61.0;
POLLETT;CODY;17.97;6518;98.0;63.0;72.0;
ANTONACCI;ULYSSES;69.28;6519;61.0;78.0;57.0;94.0;
PERRUZZA;GLENN;33.66;6520;88.0;91.0;72.0;63.0;85.0;
SCHWEDER;SHAYNA;60.23;6521;98.0;94.0;77.0;89.0;
RUMMEL;BETTYE;175.92;6522;50.0;87.0;55.0;90.0;60.0;
HILLARD;LYNNETTE;59.23;6523;51.0;85.0;99.0;94.0;54.0;
ARTINGER;GWENN;63.38;6524;89.0;51.0;60.0;81.0;
JEDREY;LORRAINE;21.13;6525;98.0;74.0;72.0;
RODRIGUZ;VERDELL;47.73;6526;81.0;54.0;75.0;68.0;57.0;
GUDGEL;JONIE;128.07;6527;65.0;84.0;65.0;58.0;69.0;
GRATTAN;CORA;24.42;6528;51.0;85.0;68.0;
DASO;FREDDY;165.14;6529;85.0;54.0;71.0;74.0;62.0;
KANNE;ROBBY;33.61;6530;86.0;56.0;60.0;55.0;
LOMBA;QUYEN;39.90;6531;62.0;64.0;94.0;58.0;
FRYMIER;SHARLA;44.06;6532;65.0;95.0;55.0;
STAROWICZ;EDDY;88.19;6533;97.0;84.0;98.0;83.0;52.0;
HARLEY;DOLORES;32.19;6534;65.0;89.0;88.0;
MAYVILLE;RACHELL;25.11;6535;88.0;66.0;62.0;
DRAGAN;WILLIA;49.35;6536;75.0;64.0;77.0;
TUNON;SHANELL;60.77;6537;94.0;90.0;84.0;72.0;
CARAVELLA;TAMALA;167.67;6538;99.0;50.0;77.0;95.0;83.0;
VANDERWEIDE;CIARA;45.05;6539;91.0;93.0;98.0;
HILLEY;KAMALA;31.13;6540;58.0;67.0;53.0;
BOISJOLIE;RHONA;87.66;6541;61.0;96.0;83.0;55.0;52.0;
HANSES;CARMELIA;60.43;6542;82.0;57.0;95.0;79.0;81.0;
EYTON;GUS;192.13;6543;79.0;80.0;68.0;79.0;82.0;
MCFEELEY;DEBBRA;180.40;6544;87.0;76.0;95.0;96.0;53.0;
BRUSSEAU;LUE;152.91;6545;59.0;82.0;88.0;90.0;66.0;
PHIPPEN;CAMILLE;85.55;6546;60.0;73.0;57.0;94.0;
MCKEARNEY;TAUNYA;18.67;6547;90.0;53.0;73.0;
VUYOVICH;WILLIE;59.35;6548;92.0;58.0;96.0;64.0;
WESCOM;MAYA;110.74;6549;99.0;63.0;53.0;80.0;71.0;
KELSOE;KEVEN;185.50;6550;97.0;87.0;69.0;86.0;81.0;
GNATEK;AGNES;32.23;6551;94.0;60.0;50.0;
SLADER;JUSTINE;26.47;6552;91.0;74.0;74.0;
MCADORY;DIANN;28.33;6553;73.0;80.0;94.0;
RASSMAN;HUONG;98.82;6554;96.0;77.0;77.0;73.0;
THANG;LAVERNA;61.53;6555;80.0;79.0;70.0;87.0;57.0;
MELTER;EDWINA;47.61;6556;77.0;92.0;97.0;
VINER;CHRIS;112.91;6557;55.0;94.0;53.0;50.0;81.0;
WEYDERT;JACQUES;43.10;6558;83.0;74.0;54.0;
BELCOURT;LEONARD;120.70;6559;96.0;64.0;62.0;86.0;75.0;
MONA;TERRANCE;44.31;6560;78.0;93.0;60.0;
BURNLEY;JOHANNE;83.83;6561;55.0;66.0;61.0;91.0;62.0;
KALLBERG;ADRIANA;48.79;6562;62.0;80.0;76.0;
BASKIND;DEANNA;101.60;6563;75.0;89.0;87.0;86.0;54.0;
SEIN;MITCH;122.69;6564;70.0;86.0;78.0;60.0;75.0;
MEINTS;SHEENA;163.16;6565;88.0;91.0;79.0;63.0;51.0;
WASKOM;ROLF;70.16;6566;75.0;95.0;60.0;65.0;
BAYLESS;CLAIR;46.63;6567;80.0;63.0;88.0;
ZENTENO;KIZZY;117.71;6568;94.0;56.0;64.0;73.0;56.0;
GERMY;SUZANNA;77.10;6569;73.0;79.0;80.0;78.0;89.0;
ANIOL;TIM;175.97;6570;53.0;98.0;60.0;89.0;75.0;
CONSTINE;BREE;81.59;6571;61.0;95.0;53.0;60.0;
SADHU;STEFANI;119.86;6572;71.0;75.0;63.0;75.0;52.0;
LOBUR;ELSA;152.96;6573;55.0;59.0;57.0;98.0;94.0;
APPLEMAN;DENNA;42.44;6574;68.0;87.0;98.0;
FLEURANT;ELISA;64.34;6575;69.0;95.0;56.0;81.0;
WIKERT;NICOLE;40.86;6576;99.0;50.0;77.0;
FILION;GABRIELA;41.50;6577;68.0;95.0;74.0;
VANDERGIESSEN;THANH;33.70;6578;84.0;59.0;53.0;
JURASEK;ROBERTO;46.85;6579;54.0;86.0;73.0;
GUERINOT;STEPHANIE;146.04;6580;100.0;91.0;91.0;83.0;50.0;
NAKAMATSU;JOHN;63.38;6581;70.0;86.0;71.0;83.0;78.0;
WHEDON;WILDA;58.98;6582;94.0;98.0;83.0;78.0;
SANTOSCOY;BARABARA;176.59;6583;56.0;91.0;90.0;90.0;67.0;
CLAYTON;HIEDI;45.11;6584;98.0;61.0;68.0;
MEGIA;PA;29.03;6585;98.0;85.0;53.0;87.0;
ESMOND;ALEISHA;65.13;6586;95.0;71.0;52.0;62.0;
KOOKER;LENITA;83.86;6587;83.0;81.0;55.0;89.0;96.0;
TROUSDALE;CANDIS;25.47;6588;67.0;50.0;93.0;74.0;
RIMEL;MONTE;165.07;6589;51.0;96.0;62.0;57.0;80.0;
DOUGHARTY;TAMEIKA;19.51;6590;67.0;91.0;56.0;
ZANA;CHERILYN;14.37;6591;59.0;58.0;82.0;
MARCHAK;RUBIE;76.03;6592;73.0;77.0;66.0;55.0;100.0;
BRYS;JAIME;192.97;6593;77.0;88.0;78.0;79.0;87.0;
OSMAN;SHANTE;32.36;6594;83.0;82.0;94.0;
LAURIE;RAVEN;98.63;6595;74.0;83.0;73.0;51.0;
VALLE;ZACHARIAH;38.07;6596;77.0;59.0;66.0;69.0;
MAKINSTER;TWILA;14.42;6597;79.0;60.0;88.0;
MATTINGLEY;AI;48.89;6598;56.0;97.0;50.0;82.0;79.0;
METHE;EMELINE;36.44;6599;73.0;57.0;52.0;
WESTLEY;CHAYA;129.81;6600;55.0;50.0;58.0;51.0;88.0;
DINSMOOR;RYAN;38.66;6601;60.0;70.0;69.0;65.0;
KLISH;DELORA;57.72;6602;78.0;70.0;86.0;63.0;
HALBERT;BEATA;97.12;6603;98.0;56.0;87.0;74.0;51.0;
OERTLE;LAURENCE;94.56;6604;65.0;93.0;62.0;70.0;78.0;
KRAEGER;TAD;42.54;6605;61.0;98.0;71.0;
BARTHOL;REGINALD;22.64;6606;63.0;73.0;79.0;
KABAT;DION;77.48;6607;89.0;93.0;66.0;92.0;
AULDRIDGE;TRUDIE;63.76;6608;71.0;52.0;64.0;63.0;60.0;
CITRANO;SHA;20.85;6609;93.0;63.0;51.0;
WIGGEN;INGRID;47.28;6610;81.0;75.0;67.0;
TROKE;GRAHAM;193.34;6611;63.0;96.0;64.0;89.0;63.0;
BERNADETTE;FELICIDAD;23.66;6612;63.0;54.0;54.0;
DRAGHI;JODY;100.65;6613;69.0;74.0;96.0;54.0;98.0;
DRILLING;CHRISTEN;92.91;6614;55.0;53.0;71.0;51.0;
BERENDZEN;SCARLETT;40.35;6615;64.0;78.0;54.0;
BUNTYN;MAXIMA;73.43;6616;68.0;60.0;60.0;54.0;
NAJARIAN;VERLIE;20.17;6617;50.0;67.0;57.0;89.0;
WARNKE;SEASON;36.83;6618;100.0;69.0;66.0;60.0;
NYLAND;VICTOR;71.98;6619;75.0;90.0;97.0;96.0;
PYRDUM;ANNABELL;105.52;6620;96.0;65.0;51.0;72.0;81.0;
OKKEN;CLEMMIE;26.26;6621;56.0;69.0;59.0;92.0;
DARNLEY;CANDIS;45.00;6622;81.0;88.0;85.0;
HOOEY;ANGELO;56.65;6623;91.0;59.0;72.0;51.0;77.0;
MINETTE;MAJOR;113.74;6624;100.0;93.0;50.0;83.0;56.0;
KALAFARSKI;PATRICIA;36.37;6625;80.0;98.0;59.0;
HARTS;FLETCHER;23.55;6626;57.0;63.0;96.0;
URATA;LAEL;87.50;6627;85.0;68.0;63.0;75.0;54.0;
MOESCH;DAREN;55.03;6628;67.0;88.0;68.0;58.0;
SLODYSKO;KACI;57.06;6629;67.0;100.0;92.0;84.0;90.0;
SNIFFIN;REY;85.94;6630;59.0;51.0;63.0;93.0;95.0;
MOSS;LOYCE;28.87;6631;64.0;91.0;73.0;
MABB;ALEC;43.06;6632;63.0;51.0;50.0;
IMMERMAN;LAUNA;24.06;6633;82.0;95.0;96.0;81.0;
GEORGOPOULOS;DIANN;90.17;6634;77.0;52.0;62.0;51.0;
MILLICAN;DONETTE;31.26;6635;87.0;96.0;69.0;
SHEARMAN;ADRIANA;50.10;6636;93.0;59.0;66.0;78.0;
RUYTER;JUNITA;18.40;6637;89.0;66.0;69.0;
DALPE;MARIE;75.32;6638;86.0;59.0;89.0;94.0;
HABROCK;ADELA;141.10;6639;90.0;71.0;81.0;95.0;84.0;
MAUCH;RAINA;20.50;6640;68.0;94.0;93.0;
KOLMETZ;GAYLA;54.49;6641;73.0;52.0;52.0;69.0;95.0;
CERVANTEZ;JO;93.51;6642;85.0;66.0;73.0;99.0;63.0;
KIRSCHT;ADRIA;19.42;6643;93.0;96.0;58.0;
HENNEN;ODA;47.85;6644;64.0;57.0;92.0;
ALFSON;LYNN;34.42;6645;83.0;96.0;74.0;58.0;
PENHALLURICK;MARG;96.27;6646;64.0;68.0;50.0;97.0;
LAPSLEY;CARL;49.39;6647;77.0;55.0;71.0;82.0;72.0;
KORUS;HILTON;73.52;6648;95.0;98.0;52.0;98.0;
PERAULT;DENNA;33.39;6649;60.0;77.0;89.0;
THIGPIN;JESSE;30.50;6650;78.0;76.0;53.0;76.0;
GEATER;ERLENE;195.00;6651;57.0;100.0;91.0;89.0;64.0;
MANGRUM;LUVENIA;39.14;6652;55.0;60.0;68.0;
DUDAS;JACQULYN;12.25;6653;67.0;86.0;83.0;
MUTHER;LOUISA;87.25;6654;80.0;86.0;65.0;58.0;
MELEO;MARGARETE;40.71;6655;97.0;61.0;80.0;
MANSFIELD;FREDERIC;24.41;6656;55.0;55.0;89.0;50.0;
MALANGA;MAGALI;70.33;6657;57.0;94.0;93.0;54.0;
MUCHLER;SHERRON;18.47;6658;94.0;93.0;61.0;
SHELLGREN;ANAMARIA;92.72;6659;57.0;62.0;100.0;65.0;79.0;
CRAY;YONG;46.43;6660;100.0;81.0;90.0;92.0;50.0;
NAHM;BARRETT;172.13;6661;88.0;82.0;57.0;51.0;53.0;
POMERANCE;CASIE;96.13;6662;98.0;53.0;93.0;67.0;
SALDEEN;NORRIS;92.82;6663;95.0;59.0;64.0;91.0;66.0;
HABERKORN;SOOK;22.46;6664;78.0;74.0;70.0;77.0;
KAILI;ERIC;58.76;6665;57.0;66.0;91.0;96.0;
MICHELLE;JERRY;84.64;6666;79.0;79.0;73.0;97.0;
MARTSOLF;ELLIE;35.77;6667;65.0;74.0;99.0;75.0;
LACSON;RUFINA;40.57;6668;61.0;82.0;55.0;
HAMITER;LESLIE;39.80;6669;63.0;92.0;90.0;
SHETTLEROE;NELIA;90.40;6670;88.0;66.0;70.0;92.0;
PENDLETON;YER;71.41;6671;61.0;65.0;55.0;75.0;
BILLOTTE;KELLEY;98.96;6672;79.0;58.0;64.0;60.0;58.0;
HAUB;LOU;44.95;6673;69.0;85.0;97.0;
TOROMANIDES;ALVINA;37.24;6674;69.0;84.0;92.0;80.0;
ZARN;JENICE;46.74;6675;95.0;67.0;56.0;69.0;
SWIDER;ANGELA;10.51;6676;52.0;96.0;58.0;
KUHLENSCHMIDT;HUE;31.53;6677;73.0;99.0;96.0;
GLIUES;MAGGIE;47.99;6678;80.0;72.0;80.0;
HENDRICKX;UN;105.76;6679;72.0;63.0;99.0;73.0;67.0;
MOURNING;VERNELL;24.29;6680;57.0;77.0;75.0;92.0;
TURNBALL;JANI;71.99;6681;79.0;73.0;78.0;74.0;
HUMMERT;HERMA;99.13;6682;76.0;89.0;75.0;92.0;
ONEALE;JOSE;133.07;6683;74.0;87.0;73.0;94.0;84.0;
SANDMAN;EWA;43.39;6684;82.0;76.0;90.0;60.0;
HENNECKE;DEBROAH;74.30;6685;54.0;70.0;82.0;92.0;
CHASSANIOL;LISABETH;22.95;6686;53.0;91.0;60.0;
RAIGOSA;LYNELL;99.03;6687;96.0;84.0;78.0;98.0;
SOUVANNARITH;SUNNY;28.28;6688;100.0;88.0;78.0;
PEARSON;NADINE;121.68;6689;94.0;69.0;76.0;65.0;83.0;
RALL;ELIDIA;174.99;6690;84.0;57.0;89.0;50.0;67.0;
SUNIGA;LATESHA;24.73;6691;81.0;93.0;85.0;90.0;
RZEPKA;DONETTE;38.54;6692;58.0;100.0;76.0;
GUETHLE;SUZANNA;33.87;6693;74.0;58.0;57.0;
POITEVIN;HESTER;42.22;6694;62.0;94.0;59.0;
LARCHE;TAMI;70.50;6695;68.0;60.0;99.0;76.0;
MONTEFORTE;SHOSHANA;15.02;6696;57.0;93.0;86.0;
SAMWAY;LATASHIA;27.84;6697;64.0;63.0;67.0;
ALLIN;ERICKA;22.51;6698;58.0;65.0;89.0;62.0;
SLEZAK;KIRSTIN;16.65;6699;77.0;86.0;91.0;
MERRIT;MANDA;78.83;6700;85.0;88.0;73.0;79.0;83.0;
HAVEL;STEPHAN;133.08;6701;65.0;54.0;81.0;81.0;65.0;
ZIEBOL;FELTON;36.85;6702;62.0;86.0;55.0;
SCHNEIDMAN;CRISTAL;20.79;6703;57.0;76.0;62.0;
GARNICA;MARGO;83.92;6704;73.0;61.0;86.0;73.0;53.0;
ADRIANO;LINN;13.84;6705;56.0;91.0;75.0;
OSHELL;MIRNA;79.14;6706;73.0;73.0;85.0;97.0;65.0;
SUDO;ADRIAN;54.24;6707;97.0;73.0;82.0;62.0;60.0;
ZUNINO;LORILEE;169.46;6708;74.0;56.0;65.0;84.0;72.0;
GENETT;ROBENA;44.00;6709;99.0;81.0;79.0;
MAHMOUD;SHAYNA;33.59;6710;86.0;88.0;81.0;
VILLE;LEANN;23.55;6711;72.0;52.0;63.0;
DILTZ;KERRIE;79.00;6712;71.0;69.0;59.0;54.0;
TROCCHIO;KRYSTIN;49.89;6713;53.0;82.0;77.0;
CUSTODIO;REATHA;94.19;6714;98.0;60.0;81.0;72.0;53.0;
DEAKYNE;LAVENIA;59.00;6715;98.0;72.0;56.0;53.0;
BINGERT;MARIELA;139.91;6716;87.0;66.0;76.0;90.0;83.0;
MUNTZ;SIXTA;40.29;6717;59.0;86.0;59.0;93.0;
MARADE;KEITH;49.05;6718;57.0;60.0;77.0;
SALLE;TOWANDA;42.46;6719;62.0;59.0;89.0;
LOMELI;XOCHITL;37.05;6720;59.0;71.0;94.0;
HAVERMANN;BLAKE;15.84;6721;91.0;91.0;68.0;
CLEAVENGER;MARGARETTE;38.49;6722;97.0;54.0;61.0;
OBENCHAIN;JACK;16.70;6723;89.0;79.0;78.0;
DUFF;GWYN;153.58;6724;87.0;89.0;73.0;84.0;55.0;
GORDNER;KATHERYN;97.34;6725;96.0;97.0;77.0;79.0;100.0;
MCINERNY;YANG;27.14;6726;60.0;88.0;51.0;
TREGONING;ANNAMAE;35.87;6727;52.0;72.0;74.0;
STAMPS;SHIRELY;74.49;6728;67.0;70.0;67.0;57.0;95.0;
LOVETINSKY;CLARICE;182.56;6729;87.0;91.0;61.0;51.0;65.0;
YAIVA;PHYLICIA;39.69;6730;99.0;78.0;58.0;
ROETTGER;LOISE;84.07;6731;67.0;78.0;78.0;94.0;
VAUGHT;DONETTE;50.42;6732;98.0;60.0;99.0;86.0;84.0;
FULMER;INGER;22.94;6733;89.0;61.0;50.0;
HANAVAN;SAVANNA;31.08;6734;66.0;98.0;54.0;
HENEGAR;LILIAN;97.28;6735;62.0;65.0;96.0;53.0;
RYKEN;ALEX;26.71;6736;79.0;60.0;61.0;
BARBAN;BETTYE;166.47;6737;89.0;85.0;69.0;66.0;80.0;
SANDRY;EARNEST;49.14;6738;97.0;86.0;60.0;65.0;
THULIN;DELOIS;48.65;6739;94.0;79.0;56.0;
RETKA;SHERON;94.11;6740;94.0;50.0;66.0;76.0;
BEERS;OLENE;185.12;6741;56.0;100.0;83.0;75.0;50.0;
GRAMBO;CARYLON;58.25;6742;88.0;52.0;63.0;84.0;
SHIBLEY;PHEBE;80.94;6743;64.0;96.0;94.0;96.0;
FORCHT;MARIANELA;159.89;6744;98.0;98.0;97.0;77.0;77.0;
MARKLAND;MARLENA;45.09;6745;74.0;62.0;52.0;
PROVOST;REYES;73.38;6746;51.0;63.0;70.0;62.0;
MALEKAN;VENETTA;197.72;6747;86.0;86.0;99.0;85.0;75.0;
SODACHANH;ZACHARIAH;40.49;6748;50.0;99.0;74.0;
GUMAER;ELOIS;23.41;6749;95.0;93.0;98.0;
SHARLEY;CORTEZ;22.20;6750;70.0;54.0;80.0;
HOLLOW;HYON;150.46;6751;91.0;55.0;70.0;58.0;52.0;
DOWDLE;TRENT;48.98;6752;82.0;63.0;94.0;
VILLASIS;JAMISON;41.85;6753;96.0;81.0;59.0;59.0;
GODARD;DEANDRE;90.39;6754;61.0;71.0;70.0;96.0;
DENSE;ERNA;38.16;6755;89.0;91.0;54.0;
SHONKWILER;MOON;74.69;6756;84.0;84.0;96.0;70.0;
TREVEY;DORIE;31.88;6757;100.0;76.0;100.0;
INGERSOL;LORINDA;44.72;6758;88.0;67.0;78.0;
GLICHER;LAVETA;187.07;6759;90.0;74.0;52.0;66.0;55.0;
ZHAO;LUCIUS;93.20;6760;84.0;67.0;76.0;95.0;92.0;
POTTHOFF;CHRISTIAN;148.91;6761;58.0;71.0;98.0;66.0;87.0;
ASKAM;VICENTE;34.74;6762;63.0;75.0;91.0;58.0;
HELMERT;SASHA;43.60;6763;61.0;90.0;98.0;99.0;60.0;
HOFSTRA;BLANCA;189.22;6764;72.0;80.0;84.0;93.0;51.0;
MICHELLO;CHELSIE;13.91;6765;63.0;95.0;95.0;
PIENTA;ROSALINE;141.87;6766;91.0;92.0;64.0;59.0;66.0;
MENZIE;KASEY;42.94;6767;80.0;96.0;59.0;
BILLHEIMER;BLYTHE;173.76;6768;61.0;91.0;53.0;67.0;69.0;
NAONE;MADLYN;46.17;6769;84.0;67.0;73.0;94.0;
YENNER;CHIA;117.89;6770;96.0;51.0;85.0;100.0;89.0;
PIETIG;ABRAHAM;21.18;6771;96.0;77.0;79.0;
NIPPER;JONNA;58.17;6772;71.0;83.0;94.0;72.0;
RAMSAY;PATRICIA;35.89;6773;90.0;79.0;75.0;
PLATTS;CECELIA;156.25;6774;76.0;88.0;94.0;53.0;98.0;
THACH;BERNADINE;40.14;6775;64.0;53.0;75.0;68.0;
LYTLE;ANTWAN;35.53;6776;66.0;57.0;97.0;
STALBERGER;SALOME;41.63;6777;50.0;70.0;79.0;
CHAFFINS;TERINA;122.63;6778;90.0;66.0;68.0;90.0;92.0;
FARQUER;LATONYA;61.44;6779;100.0;95.0;65.0;66.0;52.0;
PYUN;JEANA;116.81;6780;72.0;69.0;51.0;78.0;70.0;
CASTON;VELDA;15.01;6781;53.0;80.0;95.0;
HASELOFF;KENDRICK;42.07;6782;62.0;71.0;100.0;
BARNAR;COLLEN;11.12;6783;69.0;84.0;56.0;
PASQUARELLI;ELEANORE;34.63;6784;66.0;52.0;100.0;85.0;
CHAFETZ;ELEONORE;22.94;6785;70.0;76.0;95.0;
FURTAW;MARIKO;106.44;6786;92.0;72.0;56.0;86.0;66.0;
JEFFS;RUSSELL;33.84;6787;62.0;55.0;62.0;67.0;59.0;
BRIDGMON;KANDIS;71.20;6788;97.0;67.0;79.0;93.0;
VANDYCK;VERNA;16.91;6789;90.0;87.0;91.0;
LLEWELLYN;WAYLON;32.11;6790;78.0;95.0;54.0;75.0;68.0;
LAMBES;DONETTA;146.83;6791;51.0;51.0;67.0;61.0;64.0;
GOLDHABER;STEFFANIE;89.14;6792;89.0;62.0;51.0;51.0;
BARAYUGA;LATRICE;184.22;6793;93.0;80.0;71.0;99.0;69.0;
ROAN;LOUISE;68.62;6794;59.0;75.0;80.0;79.0;
HYKES;DONALD;17.79;6795;90.0;51.0;73.0;
MCWHERTER;RICARDA;11.00;6796;57.0;98.0;65.0;
ART;MARI;111.33;6797;71.0;87.0;92.0;90.0;82.0;
CAYO;JERMAINE;98.05;6798;87.0;64.0;94.0;88.0;
SZERLONG;LELIA;64.77;6799;71.0;88.0;74.0;65.0;66.0;
DURTSCHI;CLEMMIE;104.58;6800;94.0;83.0;63.0;64.0;100.0;
SCHOLNICK;SHAWN;61.72;6801;72.0;64.0;74.0;79.0;
REUSSWIG;ROCHEL;35.61;6802;74.0;78.0;78.0;86.0;
NOTH;MERTIE;190.76;6803;93.0;61.0;81.0;64.0;83.0;
DIDONATIS;ARDIS;46.05;6804;58.0;70.0;66.0;58.0;
SPANFELLNER;DOMINGO;66.29;6805;76.0;72.0;85.0;56.0;
WERSTEIN;GERALYN;168.57;6806;51.0;69.0;69.0;68.0;72.0;
MARCOTT;LILY;20.08;6807;88.0;86.0;93.0;91.0;
MCFATTEN;DELILA;46.26;6808;68.0;80.0;62.0;
MUTCH;CONNIE;56.54;6809;99.0;89.0;65.0;71.0;69.0;
SPRAUVE;DOREEN;83.31;6810;100.0;79.0;67.0;65.0;86.0;
MARTINETTI;MARIANNE;90.54;6811;63.0;82.0;65.0;52.0;
BRATTON;REAGAN;158.32;6812;83.0;76.0;52.0;75.0;68.0;
GERRERO;SHELBY;64.11;6813;76.0;99.0;96.0;52.0;
MONARCA;MAGDALEN;33.31;6814;79.0;93.0;54.0;
CLAYPOOLE;JANYCE;181.69;6815;79.0;80.0;84.0;78.0;96.0;
VILLANEUVA;HWA;98.07;6816;75.0;70.0;64.0;98.0;100.0;
HUIE;ELDORA;28.15;6817;55.0;50.0;95.0;
PETTEWAY;AMI;54.98;6818;76.0;69.0;58.0;66.0;61.0;
SASSAMAN;DARBY;80.92;6819;69.0;73.0;66.0;75.0;
DEVEJA;STEPHANIA;176.40;6820;91.0;76.0;73.0;55.0;77.0;
WOGAN;HERMELINDA;161.56;6821;63.0;93.0;82.0;68.0;50.0;
DERENTIS;LATASHIA;150.07;6822;56.0;66.0;61.0;67.0;78.0;
BASTRESS;JODY;76.33;6823;68.0;74.0;88.0;54.0;79.0;
KATYNSKI;AILENE;40.23;6824;69.0;56.0;50.0;65.0;
BARTMAN;CHONG;158.32;6825;55.0;52.0;90.0;51.0;64.0;
STAHLE;DORINDA;55.98;6826;98.0;50.0;60.0;87.0;
GUINLE;LOUANN;119.45;6827;97.0;79.0;62.0;94.0;79.0;
WERKHEISER;AUBREY;58.22;6828;65.0;67.0;85.0;66.0;54.0;
ISLEIB;AMELIA;83.00;6829;52.0;89.0;85.0;72.0;
HODES;STEWART;45.07;6830;98.0;100.0;76.0;
KNICKERBOCKER;ZORA;40.24;6831;66.0;97.0;75.0;70.0;54.0;
KUO;JASMIN;60.42;6832;95.0;82.0;100.0;60.0;82.0;
GARNAND;KEESHA;31.48;6833;86.0;95.0;91.0;92.0;
SLAVIS;HARLAND;62.06;6834;68.0;68.0;52.0;83.0;
VERGHESE;CINDERELLA;45.83;6835;53.0;61.0;99.0;
TOALA;LUKE;25.64;6836;65.0;61.0;98.0;86.0;
DEBOLT;JEROLD;42.30;6837;82.0;81.0;82.0;
LORKOWSKI;JEFFERY;17.96;6838;100.0;74.0;70.0;
SIRMON;LALA;23.90;6839;94.0;95.0;88.0;
HARENS;ABBEY;82.89;6840;67.0;100.0;95.0;93.0;
MIRAMON;JESSIKA;26.85;6841;82.0;95.0;60.0;71.0;
POLICASTRI;JANI;40.39;6842;85.0;82.0;66.0;
MASAK;BRONWYN;61.38;6843;96.0;92.0;83.0;68.0;
BEHNKE;CHADWICK;126.34;6844;53.0;67.0;73.0;71.0;91.0;
HERSHELMAN;MARCENE;73.17;6845;95.0;93.0;100.0;89.0;60.0;
BENENATI;ALONSO;189.40;6846;57.0;54.0;94.0;63.0;85.0;
OLTEN;SHASTA;35.84;6847;98.0;55.0;57.0;64.0;
BRISON;NIKOLE;81.30;6848;50.0;73.0;68.0;64.0;
TARABOKIJA;ELENI;32.14;6849;53.0;65.0;74.0;
CABBLE;OTHA;77.44;6850;63.0;65.0;54.0;88.0;
KLEMISH;HERMILA;57.31;6851;56.0;72.0;77.0;86.0;88.0;
EBERLE;ROSELYN;126.82;6852;95.0;57.0;55.0;88.0;53.0;
YANAGI;TONISHA;37.63;6853;93.0;63.0;52.0;67.0;
WARE;JANEE;184.64;6854;94.0;94.0;57.0;99.0;75.0;
SCHRANZ;CHRISTA;66.53;6855;69.0;88.0;100.0;86.0;
METOS;YANG;88.61;6856;84.0;56.0;80.0;59.0;
HARTRUM;HENRIETTE;123.47;6857;99.0;89.0;59.0;81.0;69.0;
SPAGNOLIA;WADE;71.83;6858;73.0;78.0;63.0;94.0;
KAZEMI;LAKITA;54.90;6859;93.0;78.0;94.0;71.0;91.0;
GIACCONE;EARNEST;44.80;6860;60.0;67.0;99.0;53.0;
HICKINGBOTHAM;JENNY;98.11;6861;50.0;77.0;87.0;84.0;
GAVIDIA;DELOISE;108.35;6862;51.0;98.0;79.0;87.0;97.0;
GOULETTE;ROBIN;177.37;6863;96.0;97.0;53.0;60.0;91.0;
VANSANT;BRYON;53.39;6864;87.0;98.0;59.0;97.0;
OVERCASH;SHANNAN;153.70;6865;56.0;69.0;96.0;57.0;84.0;
SCHWARZE;VELMA;189.53;6866;69.0;80.0;85.0;84.0;98.0;
SASSANO;RUBYE;14.37;6867;72.0;81.0;55.0;
METIVIER;MECHELLE;64.41;6868;66.0;71.0;61.0;82.0;
ROMANI;TARYN;56.76;6869;72.0;82.0;68.0;76.0;
SEAGERS;THOMAS;86.67;6870;51.0;86.0;59.0;99.0;
LEGAULT;LETITIA;50.98;6871;78.0;81.0;81.0;57.0;
HERROLD;BOBBIE;34.94;6872;91.0;92.0;57.0;
VILLANOVA;BRITT;173.17;6873;81.0;79.0;68.0;69.0;73.0;
FICKETT;FRANCIS;46.76;6874;90.0;55.0;92.0;
DEPROSPERO;SOFIA;33.24;6875;76.0;57.0;97.0;81.0;58.0;
COLAMARINO;SALOME;29.41;6876;76.0;74.0;100.0;
RAULS;CHERLYN;69.00;6877;93.0;62.0;64.0;58.0;
RODINA;ROBYN;56.21;6878;60.0;65.0;79.0;78.0;
CIESLAK;LEONEL;59.51;6879;97.0;53.0;54.0;54.0;
GOOSSEN;ANGELINA;61.67;6880;61.0;64.0;64.0;61.0;
KITE;BETTE;42.18;6881;93.0;53.0;69.0;72.0;88.0;
MODGLING;ODELL;54.20;6882;75.0;75.0;82.0;100.0;
MESSLER;BYRON;23.28;6883;63.0;99.0;53.0;77.0;
MONGUE;CASSIE;68.34;6884;51.0;84.0;78.0;94.0;57.0;
GUMMO;MIGNON;148.37;6885;76.0;66.0;73.0;80.0;79.0;
RAYYAN;TROY;69.56;6886;65.0;89.0;66.0;97.0;84.0;
LEAKE;COLUMBUS;154.93;6887;97.0;71.0;79.0;59.0;87.0;
LOSSMAN;THRESA;15.32;6888;94.0;74.0;60.0;
VARTANYAN;IRA;27.26;6889;65.0;65.0;71.0;
GOETZKE;MELDA;38.41;6890;54.0;87.0;84.0;80.0;62.0;
TITONE;GINETTE;94.49;6891;66.0;74.0;66.0;73.0;
OGBURN;ARACELIS;73.41;6892;51.0;80.0;79.0;61.0;
ROYALL;WENONA;104.19;6893;50.0;82.0;85.0;80.0;62.0;
PARNIN;MARQUITTA;44.98;6894;92.0;78.0;73.0;
MOHAN;JOSEFA;86.95;6895;50.0;70.0;77.0;74.0;
PAREE;JACQUELIN;108.45;6896;86.0;55.0;91.0;87.0;68.0;
URBY;SHAREN;46.44;6897;77.0;65.0;70.0;
LAVADERA;KATHERN;23.35;6898;91.0;66.0;76.0;
PHILSON;KETURAH;65.85;6899;56.0;72.0;97.0;100.0;83.0;
MCDERMETT;MATHILDE;94.07;6900;55.0;88.0;50.0;94.0;
GEGENHEIMER;WESLEY;51.03;6901;64.0;65.0;81.0;74.0;100.0;
FANTOZZI;BORIS;39.46;6902;80.0;84.0;61.0;
HANOHANO;ZONIA;11.68;6903;80.0;74.0;96.0;
CUNICO;BIRGIT;72.15;6904;73.0;81.0;52.0;71.0;84.0;
KRAWCZYK;BILLI;13.73;6905;93.0;82.0;80.0;
ARENDZ;HEDY;23.60;6906;92.0;59.0;80.0;
LEOMITI;GENE;68.98;6907;57.0;79.0;80.0;75.0;
BALESTRA;CANDIE;29.16;6908;50.0;74.0;58.0;68.0;
BURGET;CHANTEL;27.30;6909;93.0;72.0;88.0;
MCGIBBON;DELINDA;34.43;6910;67.0;52.0;97.0;98.0;
BORTHWICK;MARCO;39.08;6911;65.0;58.0;63.0;
SCHRAWDER;BLAKE;49.25;6912;100.0;68.0;91.0;
LOREE;NORMAN;77.88;6913;95.0;64.0;68.0;60.0;71.0;
GO;GRANVILLE;35.63;6914;85.0;67.0;50.0;
LULIC;ESTELA;63.02;6915;100.0;76.0;77.0;99.0;
OHRNSTEIN;LOIS;27.11;6916;86.0;94.0;82.0;86.0;
KOSKY;ANN;40.13;6917;72.0;80.0;99.0;
GRUBEN;RITA;88.21;6918;63.0;86.0;82.0;72.0;55.0;
ESTRADO;KAZUKO;31.77;6919;89.0;55.0;52.0;89.0;
STOYER;ALLEN;152.13;6920;58.0;79.0;95.0;74.0;50.0;
SCHIFFNER;ANDRE;58.43;6921;97.0;100.0;99.0;62.0;
TY;SOCORRO;28.72;6922;73.0;72.0;58.0;
MISHRA;MADELEINE;31.99;6923;64.0;64.0;60.0;62.0;
BLACKWELDER;MELISSIA;14.54;6924;61.0;62.0;65.0;
HOLSOMBACK;TESHA;74.79;6925;61.0;64.0;52.0;95.0;
EUBANKS;COLE;11.29;6926;58.0;71.0;51.0;
LARES;ROBERT;38.03;6927;95.0;53.0;70.0;54.0;
OGAWA;APRIL;81.42;6928;61.0;98.0;81.0;95.0;
MONTCALM;CATHERINE;145.37;6929;58.0;68.0;50.0;89.0;88.0;
KIAH;PAMELLA;14.74;6930;100.0;73.0;93.0;
SCOPA;CHADWICK;33.47;6931;56.0;99.0;67.0;91.0;
APLING;SHAWNTA;121.12;6932;97.0;99.0;89.0;74.0;78.0;
MCCALMENT;JAMEY;70.11;6933;75.0;72.0;72.0;86.0;
AYLSWORTH;JASON;49.17;6934;74.0;57.0;94.0;72.0;65.0;
VERHAGUE;IONA;41.72;6935;84.0;62.0;53.0;52.0;52.0;
WALLENBROCK;HEIDI;28.99;6936;87.0;100.0;96.0;
STANKOWITZ;ERIN;45.37;6937;74.0;72.0;68.0;77.0;80.0;
GRYSZOWKA;SUSY;119.85;6938;81.0;62.0;80.0;69.0;75.0;
ECKLOFF;BARTON;28.13;6939;99.0;88.0;64.0;
BOUSQUET;ODIS;60.45;6940;97.0;62.0;96.0;97.0;
GETZSCHMAN;SHEILAH;48.57;6941;75.0;91.0;76.0;51.0;
PROCHAZKA;OTELIA;47.24;6942;86.0;63.0;62.0;
DUMKE;RENALDO;37.66;6943;57.0;81.0;53.0;
JAFFEE;ALETHEA;35.81;6944;98.0;69.0;59.0;98.0;
PRENATT;TERRENCE;109.47;6945;65.0;72.0;80.0;84.0;91.0;
SCROGGS;HOSEA;49.60;6946;51.0;59.0;74.0;
PFLUEGER;TENNILLE;194.09;6947;58.0;56.0;58.0;92.0;95.0;
CULLEN;MARYETTA;21.30;6948;91.0;57.0;71.0;
APAEZ;HORTENSIA;36.84;6949;50.0;53.0;71.0;98.0;97.0;
SHAWGO;GENIA;17.43;6950;87.0;68.0;82.0;
DOME;PAM;92.66;6951;93.0;67.0;71.0;96.0;
COLLINSWORTH;MAYBELLE;80.76;6952;59.0;98.0;62.0;71.0;88.0;
PEELLE;CAMI;70.57;6953;84.0;72.0;89.0;71.0;
STAHELI;VONCILE;21.99;6954;55.0;77.0;66.0;
FASICK;YETTA;79.91;6955;85.0;59.0;98.0;77.0;
GADBURY;LAVERNA;10.07;6956;96.0;70.0;71.0;
REGENSBURG;CHUNG;88.44;6957;57.0;70.0;90.0;96.0;79.0;
MOSSA;WONDA;12.61;6958;69.0;80.0;67.0;
TATARIS;MARYJANE;30.83;6959;99.0;90.0;95.0;
AVERA;ELINORE;22.44;6960;77.0;99.0;68.0;
MERRBACH;REVA;130.96;6961;79.0;98.0;85.0;59.0;97.0;
MAGERS;RICKIE;13.20;6962;97.0;80.0;55.0;
VANABEL;LENITA;46.61;6963;52.0;51.0;52.0;
BOIANI;JACQUILINE;22.22;6964;50.0;79.0;92.0;
SAVALA;NA;27.83;6965;58.0;82.0;58.0;
RAKYTA;CLARINE;31.67;6966;51.0;70.0;52.0;
HEMMERT;PHYLLIS;34.19;6967;88.0;79.0;95.0;
RIEGLER;DALIA;95.50;6968;98.0;90.0;57.0;77.0;
ROZELL;LORRIE;10.86;6969;96.0;53.0;56.0;
MAFFETT;ELEONORE;77.87;6970;55.0;52.0;58.0;64.0;60.0;
DEVINS;TAWNA;62.77;6971;61.0;90.0;76.0;100.0;
FORSETH;LYN;46.68;6972;67.0;55.0;95.0;
CHIANG;LAVERN;38.88;6973;56.0;84.0;71.0;
TOSCANI;DESSIE;197.10;6974;78.0;55.0;61.0;73.0;65.0;
LIEW;ROCKY;22.56;6975;57.0;51.0;88.0;71.0;
OPAKA;REFUGIA;86.21;6976;75.0;68.0;89.0;91.0;
GRISHAN;BEN;53.49;6977;54.0;76.0;77.0;77.0;
LEBRON;BETH;106.45;6978;62.0;51.0;88.0;91.0;70.0;
VANDENBOS;JEROMY;73.27;6979;62.0;70.0;65.0;80.0;
SECONDO;RONNA;48.23;6980;74.0;50.0;93.0;76.0;98.0;
MUSKOPF;OLIVA;36.63;6981;61.0;79.0;68.0;73.0;
BANTER;ELAYNE;81.95;6982;56.0;83.0;80.0;59.0;
GRABONSKI;VICKEY;54.40;6983;51.0;91.0;85.0;93.0;
ASBILL;MEGGAN;32.39;6984;82.0;84.0;73.0;
TOOR;DARCIE;24.57;6985;76.0;55.0;88.0;
WEINAND;WILLIAM;46.57;6986;64.0;72.0;81.0;
MOAD;MYRON;28.69;6987;93.0;79.0;54.0;
NEUFER;GOLDEN;131.76;6988;93.0;84.0;72.0;68.0;83.0;
FEILDS;VERLINE;78.96;6989;53.0;94.0;91.0;54.0;99.0;
HONGEVA;DEANDRA;100.86;6990;100.0;85.0;82.0;73.0;67.0;
SCIULLI;VINA;77.82;6991;86.0;74.0;98.0;92.0;
IMAIZUMI;BARRETT;67.22;6992;57.0;92.0;77.0;88.0;
CASSELLA;BART;29.57;6993;100.0;80.0;67.0;
MALLALIEU;STEWART;61.37;6994;69.0;66.0;66.0;76.0;79.0;
WEEDEN;MAYE;22.05;6995;97.0;53.0;51.0;72.0;
BYAS;GABRIELE;182.66;6996;85.0;71.0;87.0;70.0;96.0;
BLACKIE;CARYLON;79.28;6997;90.0;91.0;91.0;56.0;
PRIOLEAN;LAUNA;25.31;6998;79.0;90.0;93.0;
LAUBY;AZZIE;28.28;6999;67.0;100.0;51.0;
